device: Pocket2
Tcl_0: [0.999911, -0.011971, -0.005880, -0.001231, 
        -0.001380, 0.345639, -0.938367, -0.044891, 
        0.013266, 0.938291, 0.345591, -0.040486, 
        0.000000, 0.000000, 0.000000, 1.000000]
Tcl_1: [-0.005268, -0.999968, -0.005950, 0.000495, 
        0.327196, 0.003899, -0.944949, -0.048740, 
        0.944942, -0.006925, 0.327165, -0.045976, 
        0.000000, 0.000000, 0.000000, 1.000000]
Tcl_2: [-0.999997, -0.001912, 0.001727, 0.001918, 
        -0.000989, -0.334428, -0.942421, -0.046118, 
        0.002379, -0.942419, 0.334425, -0.043340, 
        0.000000, 0.000000, 0.000000, 1.000000]
Til: [0.999984, -0.005540, 0.001062, -0.014956, 
        0.005545, 0.999971, -0.005279, -0.023162, 
        -0.001032, 0.005285, 0.999986, 0.045169, 
        0.000000, 0.000000, 0.000000, 1.000000]
