device: Pocket2-Q9000
Tcl_0: [0.999898, -0.0120386, -0.0076699, 0.00227464,
        -0.00304651, 0.344962, -0.938612, -0.0515561,
        0.0139454, 0.938539, 0.34489, -0.0380214,
        0, 0, 0, 1]
Tcl_1: [-0.00534004, -0.999972, -0.00521993, 0.000467837,
        0.325495, 0.00319757, -0.945538, -0.0542752,
        0.945529, -0.00674828, 0.325469, -0.040306,
        0, 0, 0, 1]
Tcl_2: [-0.999992, -0.0018473, 0.0035276, -0.00161682,
        -0.0027046, -0.335107, -0.942176, -0.0527882,
        0.00292261, -0.942178, 0.335099, -0.0409297,
        0, 0, 0, 1]
cam_0: 
   image_width: 1600
   image_height: 1296
   k2: -0.00320098
   k3: -0.00151995
   k4: -0.0389603
   k5: 0.0458786
   k6: -0.0274188
   k7: 0.00500572
   p1: 0
   p2: 0
   A11: 731.223
   A12: -0.0569823
   A22: 731.127
   u0: 768.095
   v0: 647.706
cam_1: 
   image_width: 1600
   image_height: 1296
   k2: -0.00118293
   k3: -0.00897628
   k4: -0.00974779
   k5: -0.000293508
   k6: 0.00436015
   k7: -0.00289687
   p1: 0
   p2: 0
   A11: 734.325
   A12: 0.0299849
   A22: 734.045
   u0: 785.839
   v0: 634.32
cam_2: 
   image_width: 1600
   image_height: 1296
   k2: -0.00540356
   k3: 0.000903556
   k4: -0.0162795
   k5: -0.00548787
   k6: 0.0131241
   k7: -0.00602036
   p1: 0
   p2: 0
   A11: 735.542
   A12: -0.118837
   A22: 735.266
   u0: 769.025
   v0: 620.786
Til: [0.999984, -0.00553974, 0.00106168, -0.0149559,
        0.00554527, 0.999971, -0.00527896, -0.0231616,
        -0.00103241, 0.00528476, 0.999986, 0.0451693,
        0, 0, 0, 1]
